NAME : test.14.tour
COMMENT : Length = 14
COMMENT : Found by LKH [Keld Helsgaun] Fri Oct 18 02:32:55 2024
TYPE : TOUR
DIMENSION : 142
TOUR_SECTION
1
2
61
69
70
64
65
3
54
9
8
6
4
10
11
30
28
29
5
37
38
33
32
34
35
46
45
47
48
14
13
18
17
15
16
63
51
52
40
39
44
138
137
131
132
127
128
129
130
117
116
110
111
112
109
108
106
107
103
85
36
7
66
67
68
50
31
24
26
27
42
41
43
25
49
57
58
59
53
55
56
73
74
75
76
86
87
104
102
101
100
118
119
142
141
139
140
136
135
134
133
126
125
123
124
115
114
113
93
92
90
91
121
120
122
97
96
94
95
99
98
105
84
83
77
78
71
72
80
79
81
82
89
88
20
21
22
19
12
60
23
62
-1
EOF
